205
1725
1068
938
1097
1129
52
294
1571
1353
1231
1546
897
255
813
1906
1014
336
400
1243
966
616
1293
1695
1123
1531
124
759
1805
1830
1543
1604
758
1698
1698
1967
1347
1994
296
1393
1124
1473
1379
545
1353
326
758
961
1457
682
119
1044
1803
337
154
1193
562
563
661
1908
1719
462
888
457
1867
1310
798
1942
307
247
1323
1439
1875
1251
1140
976
914
310
1529
596
11
1060
324
1955
1619
97
1076
1420
1394
952
785
1581
476
1878
573
290
27
1284
491
1208
1217
1845
1544
1982
1856
737
193
197
1054
881
494
1724
1671
780
1993
506
559
998
1649
113
1505
1655
1557
852
1620
1907
583
11
643
686
1255
441
392
1904
1503
448
98
242
110
1048
979
769
1116
1223
1591
1091
336
1882
550
533
522
1244
635
46
1475
1854
132
939
1278
196
1523
754
1611
1776
1700
1102
1623
1858
365
581
236
67
1716
237
485
897
1898
425
84
1681
859
1675
1714
1233
419
559
858
1660
1513
173
371
1671
1610
571
485
975
1853
943
889
1404